

9917
4675
4884
7734
8049
7826
7404

1291
3477
2517
6005
5457
2947
3988
4572
2402
3248
5670
3028
4699
3660

36640

4420
5870
3348
6256
2892
4759
3320
3502
5527
3821
6400
2146
4800
1807

10430

2664
1164
5483

1907
10200
10563
12099

2436
11324
8396
2833
13746

61720

10434
2186
5387
10079
1072
11201
12135

9947
14808
14654
17740

28218
30364

17790
1647
2724
13273

21940
21889
20925

3649
5425
4246
2322
3973
8108
6391
5724
1516
1222

7432
3492
2095

5040
1575
6545
2452
4003
4944
7378
4745
6912
4888
4972
3147

18244
4913
9445
12907

2396
5994
2349
4101
1920
7917
8046
6748
4541
2555
6054

64980

13811
4804
4934
12824
12024
1466

10372
14277
1589
16902

10705
10523
11631
7159
12217
5210

7189
16999

2253
1832
8068
2319
8340
5105
5870
1494
7508
6093

13786
8497
6268
11332
12604

4572
9079
6497
5766
9236
7866
8627
1278

5058
1999
7241
6439
6011
4097
1668
5706
2512
6882
3285
2690

7235
2818
13596
12878
16045

9372
9155
6245
2982
3810
1627

18697
24240
9987

6936
18970
5902
18001

9872
3687
1187
8123
8239
9367
6502
1771

2706
14218
5731
3336
6289

5627
11090
1954
3884
7921
8290
3077

10823
10385
4861

18704
12416

4869
3451
3658
1897
3092
1468
3819
4988
3998
2366
2085
4465
6134

3177
7019
8620
4896
8690
5947
5300
1832
7479
4225

11793
9650
2009
10058
9922
11055

61323

1137
2693
7735
11841
1338
3178
9189

9118
2339
9641
5800
1418
6686
1433
6217
5628

1336
10700
10424
4615
3512
1395
9848

5749
4587
3734
3796
5574
4618
4605
6472
3965
6124
3062
2417
6204
3914

1566
6799
11579
9977
7353
9896
6190

8621
2371
1120
1909
3611
3514
3180
3396
7935
4211

2917
6377
2408
6314
6219
2772
1205
1000
4888
2405
2820
2935

5641
4029
1975
3898
6373
1140
6444
4064
1775
4462
3764
2123
6270

28218

4135
14231
9564

8011
15491

5528
4159
8792
1013
8208
3201
3917
4243
2987
6938

4686
1240
5446
1973
2207
1604
1380
1119
4001
3644
5968
4649
2350
5176
3970

12804
13895
2194
10441
7650
13359

16373

7155
3671
1629
4047
1362
5191
5919
1134
6122
2714
6338

14279
13691
18617

4570
3489
3309
1223
1543
4960
3466
3337
2465
1537
3680
5228
2804
3593
4262

4357
2592
11080
14532

30842

4752
5012
2632
3305
1643
2724
2962
2058
1039
5285
6713
7099

4029
8332
5278
6480
2950
1563
1845
8509
1942
6881

9396
9819
2411
8418
7589
1079
1232
2162

3159
3930
7006
9213
10533

3087
2284
2764
4528
5756
5046
3464
1212
5935
4148
5859
2299
3775
5882

4608
1521
8088
4088
1468
11259

48341

5755
3069
5400
2174
3459
1599
4906
6295
4147
6246
2016
1417
6620

8631
2864
4753
6134
3961
10067
3416

22782
15739
24986

3904
1582
2573
3368
5040
5555
5838
5682
3808
5131
6194
5653
3111
3642

1853
2831
5673
5976
2137
1327
5221
5053
5019
1057
3622
4303
6045
5873
4279

6006
12073
9647
6570
2970
5403
5256

5805
2216
4699
2108
8942
6865
1691